image_width: 320
image_height: 240
camera_name: head_camera
camera_matrix:
  rows: 3
  cols: 3
  data: [390.3793871454467, 0, 171.2747530996869, 0, 391.1012938689165, 135.6863659477121, 0, 0, 1]
distortion_model: plumb_bob
distortion_coefficients:
  rows: 1
  cols: 5
  data: [0.1508201539971236, -0.7223200273893272, 0.0008921358566166199, -0.001014601749131345, 0]
rectification_matrix:
  rows: 3
  cols: 3
  data: [0.9866992102385012, 0.1610760321077901, 0.02189018947219131, -0.1615541174048407, 0.9866147754241427, 0.02217097346332359, -0.01802597193665869, -0.02541253224648475, 0.9995145159228855]
projection_matrix:
  rows: 3
  cols: 4
  data: [518.707462624778, 0, 153.5859251022339, -27.65833303191924, 0, 518.707462624778, 122.2130346298218, 0, 0, 0, 1, 0]
