%YAML:1.0
image_width: 320
image_height: 240
camera_matrix: !!opencv-matrix
   rows: 3
   cols: 3
   dt: d
   data: [ 7.8818375993408301e+02, 0., 3.3976886977567193e+02, 0.,
       7.8903544035537914e+02, 2.6411279441946425e+02, 0., 0., 1. ]
distortion_coefficients: !!opencv-matrix
   rows: 1
   cols: 5
   dt: d
   data: [ 1.4149912270625328e-01, -1.2733821791466091e+00,
       -3.1227824039139042e-03, -4.4297050647340384e-03,
       2.2468984046466258e+00 ]
